accuracy: 0.9994360736628778
precision: 0.9846153846153847
recall: 0.6736842105263158
f1_score: 0.8
