accuracy: 0.9041111111111111
precision: 0.904503609281313
recall: 0.9041111111111111
f1score: 0.904085231192201
