accuracy: 0.9994733454268828
precision: 0.9166666666666666
recall: 0.7586206896551724
f1score: 0.8301886792452831
