accuracy: 0.9995962220427653
precision: 0.9746835443037974
recall: 0.7857142857142857
f1score: 0.8700564971751412
